{
  "nbformat": 4,
  "nbformat_minor": 0,
  "metadata": {
    "colab": {
      "name": "task_1.ipynb",
      "provenance": [],
      "collapsed_sections": []
    },
    "kernelspec": {
      "name": "python3",
      "display_name": "Python 3"
    },
    "language_info": {
      "name": "python"
    }
  },
  "cells": [
    {
      "cell_type": "code",
      "metadata": {
        "id": "2Ed4JHqxbG59",
        "colab": {
          "base_uri": "https://localhost:8080/",
          "height": 234
        },
        "outputId": "e38f0dcd-3584-4d37-d6ed-7eea820ff8a2"
      },
      "source": [
        "import pandas as pd\n",
        "import numpy as np\n",
        "import matplotlib.pyplot as plt\n",
        "import seaborn as sns\n",
        "from sklearn import linear_model as L\n",
        "\n",
        "\n",
        "\n",
        "#importing dataset\n",
        "url='https://raw.githubusercontent.com/Goutham0110/House_price_prediction_using_multivariable_linear_regression/main/Housing.csv'\n",
        "df=pd.read_csv(url)\n",
        "df.corr()"
      ],
      "execution_count": 1,
      "outputs": [
        {
          "output_type": "execute_result",
          "data": {
            "text/html": [
              "<div>\n",
              "<style scoped>\n",
              "    .dataframe tbody tr th:only-of-type {\n",
              "        vertical-align: middle;\n",
              "    }\n",
              "\n",
              "    .dataframe tbody tr th {\n",
              "        vertical-align: top;\n",
              "    }\n",
              "\n",
              "    .dataframe thead th {\n",
              "        text-align: right;\n",
              "    }\n",
              "</style>\n",
              "<table border=\"1\" class=\"dataframe\">\n",
              "  <thead>\n",
              "    <tr style=\"text-align: right;\">\n",
              "      <th></th>\n",
              "      <th>price</th>\n",
              "      <th>area</th>\n",
              "      <th>bedrooms</th>\n",
              "      <th>bathrooms</th>\n",
              "      <th>stories</th>\n",
              "      <th>parking</th>\n",
              "    </tr>\n",
              "  </thead>\n",
              "  <tbody>\n",
              "    <tr>\n",
              "      <th>price</th>\n",
              "      <td>1.000000</td>\n",
              "      <td>0.535997</td>\n",
              "      <td>0.366494</td>\n",
              "      <td>0.517545</td>\n",
              "      <td>0.420712</td>\n",
              "      <td>0.384394</td>\n",
              "    </tr>\n",
              "    <tr>\n",
              "      <th>area</th>\n",
              "      <td>0.535997</td>\n",
              "      <td>1.000000</td>\n",
              "      <td>0.151858</td>\n",
              "      <td>0.193820</td>\n",
              "      <td>0.083996</td>\n",
              "      <td>0.352980</td>\n",
              "    </tr>\n",
              "    <tr>\n",
              "      <th>bedrooms</th>\n",
              "      <td>0.366494</td>\n",
              "      <td>0.151858</td>\n",
              "      <td>1.000000</td>\n",
              "      <td>0.373930</td>\n",
              "      <td>0.408564</td>\n",
              "      <td>0.139270</td>\n",
              "    </tr>\n",
              "    <tr>\n",
              "      <th>bathrooms</th>\n",
              "      <td>0.517545</td>\n",
              "      <td>0.193820</td>\n",
              "      <td>0.373930</td>\n",
              "      <td>1.000000</td>\n",
              "      <td>0.326165</td>\n",
              "      <td>0.177496</td>\n",
              "    </tr>\n",
              "    <tr>\n",
              "      <th>stories</th>\n",
              "      <td>0.420712</td>\n",
              "      <td>0.083996</td>\n",
              "      <td>0.408564</td>\n",
              "      <td>0.326165</td>\n",
              "      <td>1.000000</td>\n",
              "      <td>0.045547</td>\n",
              "    </tr>\n",
              "    <tr>\n",
              "      <th>parking</th>\n",
              "      <td>0.384394</td>\n",
              "      <td>0.352980</td>\n",
              "      <td>0.139270</td>\n",
              "      <td>0.177496</td>\n",
              "      <td>0.045547</td>\n",
              "      <td>1.000000</td>\n",
              "    </tr>\n",
              "  </tbody>\n",
              "</table>\n",
              "</div>"
            ],
            "text/plain": [
              "              price      area  bedrooms  bathrooms   stories   parking\n",
              "price      1.000000  0.535997  0.366494   0.517545  0.420712  0.384394\n",
              "area       0.535997  1.000000  0.151858   0.193820  0.083996  0.352980\n",
              "bedrooms   0.366494  0.151858  1.000000   0.373930  0.408564  0.139270\n",
              "bathrooms  0.517545  0.193820  0.373930   1.000000  0.326165  0.177496\n",
              "stories    0.420712  0.083996  0.408564   0.326165  1.000000  0.045547\n",
              "parking    0.384394  0.352980  0.139270   0.177496  0.045547  1.000000"
            ]
          },
          "metadata": {
            "tags": []
          },
          "execution_count": 1
        }
      ]
    },
    {
      "cell_type": "code",
      "metadata": {
        "colab": {
          "base_uri": "https://localhost:8080/"
        },
        "id": "3dgtw7V4bwbz",
        "outputId": "79fca7b9-29fc-4ee8-b829-a22a588bfac1"
      },
      "source": [
        "#Linear regression model\n",
        "X=df[['area', 'bedrooms', 'bathrooms', 'stories','parking']]\n",
        "Y=df[['price']]\n",
        "lm=L.LinearRegression()\n",
        "lm.fit(X,Y)"
      ],
      "execution_count": 2,
      "outputs": [
        {
          "output_type": "execute_result",
          "data": {
            "text/plain": [
              "LinearRegression(copy_X=True, fit_intercept=True, n_jobs=None, normalize=False)"
            ]
          },
          "metadata": {
            "tags": []
          },
          "execution_count": 2
        }
      ]
    },
    {
      "cell_type": "code",
      "metadata": {
        "id": "ZqhlkFPub6BO",
        "colab": {
          "base_uri": "https://localhost:8080/"
        },
        "outputId": "012b4e22-ceee-474e-ae4d-dc5e31265a81"
      },
      "source": [
        "#price prediction\n",
        "itr=['area', 'bedrooms', 'bathrooms', 'stories','parking']\n",
        "lst=[]\n",
        "for _ in itr:\n",
        "  lst.append(int(input(\"Enter \"+_+'\\t')))\n",
        "yhat=lm.predict([lst])\n",
        "if (yhat<0):\n",
        "  print(\"\\n\\nThe given data doesn't seem to be right\")\n",
        "else:\n",
        "  print(\"\\n\\nPredicted price of the house is \",round(float(yhat),ndigits=2))"
      ],
      "execution_count": 3,
      "outputs": [
        {
          "output_type": "stream",
          "text": [
            "Enter area\t5424\n",
            "Enter bedrooms\t2\n",
            "Enter bathrooms\t2\n",
            "Enter stories\t2\n",
            "Enter parking\t2\n",
            "\n",
            "\n",
            "Predicted price of the house is  6104408.06\n"
          ],
          "name": "stdout"
        }
      ]
    }
  ]
}